[
	3.3923792839050293,
	1069.2960205078125,
	-0.3187127709388733],
[
	3.4525465965270996,
	1069.2645263671875,
	-0.3218592703342438],
[
	3.52117657661438,
	1069.228515625,
	-0.3215683102607727],
[
	3.602205753326416,
	1069.186279296875,
	-0.3241146206855774],
[
	3.6742351055145264,
	1069.148681640625,
	-0.324981153011322],
[
	3.7530441284179688,
	1069.1075439453125,
	-0.3236907124519348],
[
	3.837857484817505,
	1069.0633544921875,
	-0.322299063205719],
[
	3.92299747467041,
	1069.01904296875,
	-0.3221011757850647],
[
	4.011220932006836,
	1068.9730224609375,
	-0.3226953446865082],
[
	4.100531578063965,
	1068.926513671875,
	-0.323415070772171],
[
	4.189731597900391,
	1068.8800048828125,
	-0.32399967312812805],
[
	4.280628204345703,
	1068.8326416015625,
	-0.3246097266674042],
[
	4.374364852905273,
	1068.7841796875,
	-0.3254760801792145],
[
	4.471420764923096,
	1068.733642578125,
	-0.3261595070362091],
[
	4.566736221313477,
	1068.68408203125,
	-0.3265625834465027],
[
	4.665974140167236,
	1068.63232421875,
	-0.3270820677280426],
[
	4.768753528594971,
	1068.578857421875,
	-0.3281548321247101],
[
	4.873307228088379,
	1068.5244140625,
	-0.32921743392944336],
[
	4.928957939147949,
	1068.495361328125,
	-0.3295036852359772],
[
	4.982367038726807,
	1068.467529296875,
	-0.3297373056411743],
[
	5.0386881828308105,
	1068.438232421875,
	-0.3301055431365967],
[
	5.0970234870910645,
	1068.40771484375,
	-0.3307098150253296],
[
	5.156844139099121,
	1068.3765869140625,
	-0.3313467502593994],
[
	5.2170257568359375,
	1068.34521484375,
	-0.3317857086658478],
[
	5.278829574584961,
	1068.3128662109375,
	-0.33198946714401245],
[
	5.341136932373047,
	1068.280517578125,
	-0.3320843577384949],
[
	5.40446662902832,
	1068.24755859375,
	-0.33228135108947754],
[
	5.47005558013916,
	1068.213134765625,
	-0.33278411626815796],
[
	5.535796165466309,
	1068.1788330078125,
	-0.3335190415382385],
[
	5.6049065589904785,
	1068.142822265625,
	-0.33421656489372253],
[
	5.674054145812988,
	1068.1068115234375,
	-0.3346247971057892],
[
	5.744169235229492,
	1068.0701904296875,
	-0.3348046541213989],
[
	5.814223289489746,
	1068.03369140625,
	-0.3348533511161804],
[
	5.888095855712891,
	1067.9951171875,
	-0.33489784598350525],
[
	5.959474563598633,
	1067.9578857421875,
	-0.33500707149505615],
[
	6.030276298522949,
	1067.9208984375,
	-0.335213303565979],
[
	6.101639270782471,
	1067.8837890625,
	-0.33555611968040466],
[
	6.173733711242676,
	1067.84619140625,
	-0.33606407046318054],
[
	6.2479424476623535,
	1067.8074951171875,
	-0.33678025007247925],
[
	6.321681022644043,
	1067.76904296875,
	-0.33767563104629517],
[
	6.398439884185791,
	1067.7291259765625,
	-0.3385680913925171],
[
	6.47537899017334,
	1067.68896484375,
	-0.3391895592212677],
[
	6.552392959594727,
	1067.648681640625,
	-0.3395001292228699],
[
	6.632076740264893,
	1067.607177734375,
	-0.33963388204574585],
[
	6.709385395050049,
	1067.5670166015625,
	-0.33969974517822266],
[
	6.789858818054199,
	1067.525146484375,
	-0.3398149013519287],
[
	6.867091178894043,
	1067.48486328125,
	-0.34001806378364563],
[
	6.94771146774292,
	1067.4427490234375,
	-0.34034451842308044],
[
	7.025787353515625,
	1067.402099609375,
	-0.34075412154197693],
[
	7.105398178100586,
	1067.360595703125,
	-0.3412242531776428],
[
	7.183868885040283,
	1067.31982421875,
	-0.34171062707901],
[
	7.26593542098999,
	1067.277099609375,
	-0.3422062397003174],
[
	7.343471527099609,
	1067.23681640625,
	-0.3426515460014343],
[
	7.422652721405029,
	1067.195556640625,
	-0.34310096502304077],
[
	7.502031326293945,
	1067.1541748046875,
	-0.34359246492385864],
[
	7.584901809692383,
	1067.111083984375,
	-0.34419113397598267],
[
	7.663480281829834,
	1067.070068359375,
	-0.34485575556755066],
[
	7.744519233703613,
	1067.02783203125,
	-0.34551823139190674],
[
	7.825416088104248,
	1066.985595703125,
	-0.34606119990348816],
[
	7.907524108886719,
	1066.942626953125,
	-0.3464641571044922],
[
	7.990840911865234,
	1066.899169921875,
	-0.346739262342453],
[
	8.073145866394043,
	1066.8563232421875,
	-0.3469401001930237],
[
	8.15765380859375,
	1066.812255859375,
	-0.34717750549316406],
[
	8.240249633789062,
	1066.769287109375,
	-0.347574919462204],
[
	8.323709487915039,
	1066.7257080078125,
	-0.34814172983169556],
[
	8.407388687133789,
	1066.6820068359375,
	-0.34872525930404663],
[
	8.493850708007812,
	1066.636962890625,
	-0.34920358657836914],
[
	8.579009056091309,
	1066.592529296875,
	-0.3495384156703949],
[
	8.665313720703125,
	1066.5477294921875,
	-0.3497713506221771],
[
	8.751206398010254,
	1066.5030517578125,
	-0.34999531507492065],
[
	8.838506698608398,
	1066.45751953125,
	-0.35026928782463074],
[
	8.923551559448242,
	1066.4132080078125,
	-0.3505977988243103],
[
	9.012274742126465,
	1066.3670654296875,
	-0.3510016202926636],
[
	9.09666633605957,
	1066.3231201171875,
	-0.35142093896865845],
[
	9.184062957763672,
	1066.277587890625,
	-0.35187622904777527],
[
	9.270036697387695,
	1066.2325439453125,
	-0.3523300886154175],
[
	9.355302810668945,
	1066.1881103515625,
	-0.3527769148349762],
[
	9.442609786987305,
	1066.1427001953125,
	-0.35322821140289307],
[
	9.527191162109375,
	1066.0986328125,
	-0.3536617159843445],
[
	9.614192962646484,
	1066.05322265625,
	-0.354105144739151],
[
	9.698639869689941,
	1066.0091552734375,
	-0.35453513264656067],
[
	9.785209655761719,
	1065.9639892578125,
	-0.3549882769584656],
[
	9.872880935668945,
	1065.91845703125,
	-0.35538315773010254],
[
	9.955920219421387,
	1065.8751220703125,
	-0.35567912459373474],
[
	10.042339324951172,
	1065.829833984375,
	-0.3559812903404236],
[
	10.128337860107422,
	1065.7850341796875,
	-0.35623371601104736],
[
	10.215080261230469,
	1065.73974609375,
	-0.356357604265213],
[
	10.301539421081543,
	1065.694580078125,
	-0.3563591539859772],
[
	10.389269828796387,
	1065.648681640625,
	-0.3562972843647003],
[
	10.474786758422852,
	1065.6041259765625,
	-0.3562256395816803],
[
	10.56450080871582,
	1065.557373046875,
	-0.35617637634277344],
[
	10.6485595703125,
	1065.5135498046875,
	-0.3561670780181885],
[
	10.735898971557617,
	1065.4681396484375,
	-0.3561963737010956],
[
	10.822474479675293,
	1065.423095703125,
	-0.3562561571598053],
[
	10.910965919494629,
	1065.377197265625,
	-0.3564358055591583],
[
	10.996695518493652,
	1065.332763671875,
	-0.3568011224269867],
[
	11.08375358581543,
	1065.2874755859375,
	-0.35729604959487915],
[
	11.170063018798828,
	1065.2427978515625,
	-0.35782721638679504],
[
	11.25758171081543,
	1065.197509765625,
	-0.3582707643508911],
[
	11.344389915466309,
	1065.1524658203125,
	-0.3584250807762146],
[
	11.430159568786621,
	1065.1077880859375,
	-0.35837432742118835],
[
	11.515877723693848,
	1065.0631103515625,
	-0.3581870496273041],
[
	11.601984977722168,
	1065.0181884765625,
	-0.35795915126800537],
[
	11.688093185424805,
	1064.973388671875,
	-0.3577577769756317],
[
	11.772422790527344,
	1064.9295654296875,
	-0.3576165437698364],
[
	11.859914779663086,
	1064.884033203125,
	-0.35753360390663147],
[
	11.943532943725586,
	1064.8404541015625,
	-0.3574964106082916],
[
	12.031635284423828,
	1064.7945556640625,
	-0.35748291015625],
[
	12.116204261779785,
	1064.7506103515625,
	-0.3574741780757904],
[
	12.20158863067627,
	1064.7060546875,
	-0.3574526906013489],
[
	12.281590461730957,
	1064.664306640625,
	-0.3574146032333374],
[
	12.36611270904541,
	1064.6202392578125,
	-0.3573527932167053],
[
	12.44949722290039,
	1064.576416015625,
	-0.3572915196418762],
[
	12.531970024108887,
	1064.5328369140625,
	-0.35724470019340515],
[
	12.614400863647461,
	1064.4888916015625,
	-0.35721874237060547],
[
	12.762049674987793,
	1064.409912109375,
	-0.3573460578918457],
[
	12.851982116699219,
	1064.36181640625,
	-0.35762861371040344],
[
	12.934678077697754,
	1064.31787109375,
	-0.3581480085849762],
[
	13.014650344848633,
	1064.275390625,
	-0.35881832242012024],
[
	13.09686279296875,
	1064.231689453125,
	-0.3595705032348633],
[
	13.178216934204102,
	1064.1883544921875,
	-0.3603092133998871],
[
	13.255645751953125,
	1064.147216796875,
	-0.3609629273414612],
[
	13.339797973632812,
	1064.102294921875,
	-0.36162108182907104],
[
	13.419414520263672,
	1064.0599365234375,
	-0.3622145652770996],
[
	13.495220184326172,
	1064.01953125,
	-0.362761527299881],
[
	13.582124710083008,
	1063.9730224609375,
	-0.3633803427219391],
[
	13.657328605651855,
	1063.9326171875,
	-0.3639160990715027],
[
	13.734865188598633,
	1063.8909912109375,
	-0.3644731938838959],
[
	13.815105438232422,
	1063.847412109375,
	-0.36505597829818726],
[
	13.892058372497559,
	1063.8055419921875,
	-0.36562055349349976],
[
	13.969593048095703,
	1063.762939453125,
	-0.3661908507347107],
[
	14.044248580932617,
	1063.721435546875,
	-0.36674150824546814],
[
	14.118953704833984,
	1063.679443359375,
	-0.36729544401168823],
[
	14.191227912902832,
	1063.638427734375,
	-0.36783522367477417],
[
	14.270834922790527,
	1063.5926513671875,
	-0.368480384349823],
[
	14.342642784118652,
	1063.55078125,
	-0.3691193461418152],
[
	14.416507720947266,
	1063.507080078125,
	-0.36980292201042175],
[
	14.488265037536621,
	1063.4644775390625,
	-0.37042856216430664],
[
	14.562723159790039,
	1063.419677734375,
	-0.3709391951560974],
[
	14.632231712341309,
	1063.377685546875,
	-0.37129658460617065],
[
	14.708036422729492,
	1063.3316650390625,
	-0.37161168456077576],
[
	14.779854774475098,
	1063.287841796875,
	-0.3718493580818176],
[
	14.849199295043945,
	1063.245361328125,
	-0.37204548716545105],
[
	14.93199348449707,
	1063.194580078125,
	-0.3723028898239136],
[
	14.995034217834473,
	1063.156005859375,
	-0.37253648042678833],
[
	15.064058303833008,
	1063.113525390625,
	-0.3728334307670593],
[
	15.137882232666016,
	1063.0682373046875,
	-0.37318211793899536],
[
	15.207684516906738,
	1063.025390625,
	-0.3735247254371643],
[
	15.282906532287598,
	1062.97900390625,
	-0.3738952875137329],
[
	15.426284790039062,
	1062.890625,
	-0.37459006905555725],
[
	15.495169639587402,
	1062.8480224609375,
	-0.3749504089355469],
[
	15.601758003234863,
	1062.7823486328125,
	-0.37553995847702026],
[
	15.673810005187988,
	1062.73779296875,
	-0.3759414553642273],
[
	15.739580154418945,
	1062.6968994140625,
	-0.3763003945350647],
[
	15.739580154418945,
	1062.6319580078125,
	-0.3768463134765625],
[
	15.843283653259277,
	1062.6319580078125,
	-0.3768463134765625],
[
	15.942180633544922,
	1062.569580078125,
	-0.3773518204689026],
[
	16.046035766601562,
	1062.5032958984375,
	-0.3778810501098633],
[
	16.11266326904297,
	1062.46044921875,
	-0.3782191872596741],
[
	16.178464889526367,
	1062.4173583984375,
	-0.3785478174686432],
[
	16.244653701782227,
	1062.3736572265625,
	-0.3788502812385559],
[
	16.310285568237305,
	1062.329833984375,
	-0.37910735607147217],
[
	16.37604331970215,
	1062.28515625,
	-0.37932783365249634],
[
	16.440601348876953,
	1062.24072265625,
	-0.37950336933135986],
[
	16.568998336791992,
	1062.15185546875,
	-0.3800658583641052],
[
	16.634191513061523,
	1062.106201171875,
	-0.3805246651172638],
[
	16.758865356445312,
	1062.0174560546875,
	-0.38150399923324585],
[
	16.820520401000977,
	1061.9725341796875,
	-0.38195279240608215],
[
	16.882272720336914,
	1061.9268798828125,
	-0.3823642134666443],
[
	16.94319725036621,
	1061.8809814453125,
	-0.3827393651008606],
[
	17.00357437133789,
	1061.834716796875,
	-0.38307154178619385],
[
	17.0895938873291,
	1061.767333984375,
	-0.38339540362358093],
[
	17.151119232177734,
	1061.718017578125,
	-0.38356006145477295],
[
	17.234783172607422,
	1061.6492919921875,
	-0.38376671075820923],
[
	17.34592628479004,
	1061.554443359375,
	-0.38403844833374023],
[
	17.399127960205078,
	1061.5074462890625,
	-0.38410502672195435],
[
	17.451398849487305,
	1061.4599609375,
	-0.3841302990913391],
[
	17.503267288208008,
	1061.4119873046875,
	-0.3841325640678406],
[
	17.553342819213867,
	1061.3641357421875,
	-0.3841278553009033],
[
	17.60508155822754,
	1061.3133544921875,
	-0.384127676486969],
[
	17.65066909790039,
	1061.267333984375,
	-0.3841341435909271],
[
	17.697612762451172,
	1061.21875,
	-0.38415002822875977],
[
	17.742568969726562,
	1061.170654296875,
	-0.3841838538646698],
[
	17.787986755371094,
	1061.120849609375,
	-0.38431107997894287],
[
	17.831396102905273,
	1061.072021484375,
	-0.38458383083343506],
[
	17.8746395111084,
	1061.0220947265625,
	-0.3849419355392456],
[
	17.917251586914062,
	1060.9718017578125,
	-0.3852958679199219],
[
	18.000404357910156,
	1060.87109375,
	-0.38578999042510986],
[
	18.042613983154297,
	1060.818603515625,
	-0.3859166204929352],
[
	18.083650588989258,
	1060.7669677734375,
	-0.38598692417144775],
[
	18.10445785522461,
	1060.6610107421875,
	-0.38623300194740295],
[
	18.16550064086914,
	1060.6610107421875,
	-0.38623300194740295],
[
	18.205730438232422,
	1060.607666015625,
	-0.3864111304283142],
[
	18.265209197998047,
	1060.527099609375,
	-0.386508584022522],
[
	18.321796417236328,
	1060.448486328125,
	-0.38644665479660034],
[
	18.360652923583984,
	1060.39306640625,
	-0.38641324639320374],
[
	18.396942138671875,
	1060.3402099609375,
	-0.38638609647750854],
[
	18.467634201049805,
	1060.2333984375,
	-0.3863643407821655],
[
	18.501991271972656,
	1060.179443359375,
	-0.38637465238571167],
[
	18.534378051757812,
	1060.127197265625,
	-0.3863944709300995],
[
	18.567148208618164,
	1060.0728759765625,
	-0.3864193558692932],
[
	18.597902297973633,
	1060.0203857421875,
	-0.3864402174949646],
[
	18.628034591674805,
	1059.967529296875,
	-0.38645243644714355],
[
	18.65715217590332,
	1059.9149169921875,
	-0.38655078411102295],
[
	18.685985565185547,
	1059.861572265625,
	-0.3867546617984772],
[
	18.72758674621582,
	1059.781982421875,
	-0.38716042041778564],
[
	18.75576400756836,
	1059.7265625,
	-0.3873915672302246],
[
	18.79607391357422,
	1059.6456298828125,
	-0.3874724507331848],
[
	18.82245635986328,
	1059.59130859375,
	-0.3873792290687561],
[
	18.836400985717773,
	1059.4805908203125,
	-0.38705340027809143],
[
	18.887802124023438,
	1059.3662109375,
	-0.38674378395080566],
[
	18.975536346435547,
	1059.256591796875,
	-0.38653242588043213],
[
	19.00086784362793,
	1059.19775390625,
	-0.38643476366996765],
[
	19.024337768554688,
	1059.1424560546875,
	-0.38632673025131226],
[
	19.060285568237305,
	1059.0565185546875,
	-0.38606637716293335],
[
	19.09457015991211,
	1058.9727783203125,
	-0.3857593536376953],
[
	19.139116287231445,
	1058.8597412109375,
	-0.38536739349365234],
[
	19.171056747436523,
	1058.775390625,
	-0.3851209878921509],
[
	19.201688766479492,
	1058.6912841796875,
	-0.38490381836891174],
[
	19.24009132385254,
	1058.580810546875,
	-0.38462406396865845],
[
	19.249914169311523,
	1058.4962158203125,
	-0.3843798339366913],
[
	19.292884826660156,
	1058.4173583984375,
	-0.38425812125205994],
[
	19.31053924560547,
	1058.359130859375,
	-0.38424408435821533],
[
	19.34259033203125,
	1058.249267578125,
	-0.3840966820716858],
[
	19.3734130859375,
	1058.138671875,
	-0.38389426469802856],
[
	19.403276443481445,
	1058.025634765625,
	-0.3837510645389557],
[
	19.424694061279297,
	1057.9412841796875,
	-0.38360315561294556],
[
	19.445331573486328,
	1057.857177734375,
	-0.38340580463409424],
[
	19.472227096557617,
	1057.743896484375,
	-0.3830967843532562],
[
	19.498321533203125,
	1057.6298828125,
	-0.3827793598175049],
[
	19.51108169555664,
	1057.5167236328125,
	-0.38246244192123413],
[
	19.548297882080078,
	1057.4019775390625,
	-0.38208526372909546],
[
	19.571996688842773,
	1057.2894287109375,
	-0.38170522451400757],
[
	19.594694137573242,
	1057.1763916015625,
	-0.38135457038879395],
[
	19.615978240966797,
	1057.064453125,
	-0.3810305893421173],
[
	19.63577651977539,
	1056.9537353515625,
	-0.3807304799556732],
[
	19.65411376953125,
	1056.8436279296875,
	-0.38047295808792114],
[
	19.671035766601562,
	1056.733154296875,
	-0.3803974986076355],
[
	19.67906379699707,
	1056.6224365234375,
	-0.3801884055137634],
[
	19.70153045654297,
	1056.5120849609375,
	-0.3798495829105377],
[
	19.715246200561523,
	1056.4002685546875,
	-0.37958163022994995],
[
	19.724918365478516,
	1056.316162109375,
	-0.3793838620185852],
[
	19.733901977539062,
	1056.234619140625,
	-0.37912777066230774],
[
	19.742664337158203,
	1056.1497802734375,
	-0.37881529331207275],
[
	19.750225067138672,
	1056.069091796875,
	-0.37850892543792725],
[
	19.759077072143555,
	1055.961181640625,
	-0.37813615798950195],
[
	19.76480484008789,
	1055.879638671875,
	-0.37793654203414917],
[
	19.76975440979004,
	1055.798095703125,
	-0.3778723478317261],
[
	19.775238037109375,
	1055.690185546875,
	-0.37779349088668823],
[
	19.779972076416016,
	1055.5804443359375,
	-0.3775634169578552],
[
	19.783042907714844,
	1055.498046875,
	-0.37732192873954773],
[
	19.785661697387695,
	1055.41650390625,
	-0.37706831097602844],
[
	19.78860855102539,
	1055.30712890625,
	-0.37673869729042053],
[
	19.791227340698242,
	1055.226806640625,
	-0.369571715593338],
[
	19.794443130493164,
	1055.1650390625,
	-0.3764077425003052],
[
	19.795114517211914,
	1055.1036376953125,
	-0.3762419819831848],
[
	19.795900344848633,
	1055.039794921875,
	-0.37607336044311523],
[
	19.7967529296875,
	1054.97412109375,
	-0.37589484453201294],
